test case 1 : 
coefficients: 0.452932 + 1.78865x + 0.184072x^2 + -7.56843x^3 + -2.05957x^4 + 0.511117x^5 + -1.85118x^6 + -0.954451x^7 + -9.46187x^8 + 1.6x^9 + -0x^10
error = 1.25361e+11
